1
2
3
1
1
2
2
2
21
12
15
52
5
5
5
5
5
25
2
5
5
5
2
95
5
5
58
45
9
58
92
61
4
19
1
8
2
7
8
6
34
83
2
824
4
1
1
11
2
3
1
1
2
2
2
21
12
15
52
5
5
5
5
5
25
2
5
5
5
2
95
5
5
58
45
9
58
92
61
4
19
1
8
2
7
8
6
34
83
2
824
4
1
1
11
2
3
1
1
2
2
2
21
12
15
52
5
5
5
5
5
25
2
5
5
5
2
95
5
5
58
45
9
58
92
61
4
19
1
8
2
7
8
6
34
83
2
824
4
1
1
11
2
3
1
1
2
2
2
21
12
15
52
5
5
5
5
5
25
2
5
5
5
2
95
5
5
58
45
9
58
92
61
4
19
1
8
2
7
8
6
34
83
2
824
4
1
1
11
2
3
1
1
2
2
2
21
12
15
52
5
5
5
5
5
25
2
5
5
5
2
95
5
5
58
45
9
58
92
61
4
19
1
8
2
7
8
6
34
83
2
824
4
1
1
11
2
3
1
1
2
2
2
21
12
15
52
5
5
5
5
5
25
2
5
5
5
2
95
5
5
58
45
9
58
92
61
4
19
1
8
2
7
8
6
34
83
2
824
4
1
1
11
2
3
1
1
2
2
2
21
12
15
52
5
5
5
5
5
25
2
5
5
5
2
95
5
5
58
45
9
58
92
61
4
19
1
8
2
7
8
6
34
83
2
824
4
1
1
11
2
3
1
1
2
2
2
21
12
15
52
5
5
5
5
5
25
2
5
5
5
2
95
5
5
58
45
9
58
92
61
4
19
1
8
2
7
8
6
34
83
2
824
4
1
1
11
2
3
1
1
2
2
2
21
12
15
52
5
5
5
5
5
25
2
5
5
5
2
95
5
5
58
45
9
58
92
61
4
19
1
8
2
7
8
6
34
83
2
824
4
1
1
11
2
3
1
1
2
2
2
21
12
15
52
5
5
5
5
5
25
2
5
5
5
2
95
5
5
58
45
9
58
92
61
4
19
1
8
2
7
8
6
34
83
2
824
4
1
1
11
2
3
1
1
2
2
2
21
12
15
52
5
5
5
5
5
25
2
5
5
5
2
95
5
5
58
45
9
58
92
61
4
19
1
8
2
7
8
6
34
83
2
824
4
1
1
11
2
3
1
1
2
2
2
21
12
15
52
5
5
5
5
5
25
2
5
5
5
2
95
5
5
58
45
9
58
92
61
4
19
1
8
2
7
8
6
34
83
2
824
4
1
1
11
2
3
1
1
2
2
2
21
12
15
52
5
5
5
5
5
25
2
5
5
5
2
95
5
5
58
45
9
58
92
61
4
19
1
8
2
7
8
6
34
83
2
824
4
1
1
11
2
3
1
1
2
2
2
21
12
15
52
5
5
5
5
5
25
2
5
5
5
2
95
5
5
58
45
9
58
92
61
4
19
1
8
2
7
8
6
34
83
2
824
4
1
1
11
2
3
1
1
2
2
2
21
12
15
52
5
5
5
5
5
25
2
5
5
5
2
95
5
5
58
45
9
58
92
61
4
19
1
8
2
7
8
6
34
83
2
824
4
1
1
11
2
3
1
1
2
2
2
21
12
15
52
5
5
5
5
5
25
2
5
5
5
2
95
5
5
58
45
9
58
92
61
4
19
1
8
2
7
8
6
34
83
2
824
4
1
1
11
2
3
1
1
2
2
2
21
12
15
52
5
5
5
5
5
25
2
5
5
5
2
95
5
5
58
45
9
58
92
61
4
19
1
8
2
7
8
6
34
83
2
824
4
1
1
11
2
3
1
1
2
2
2
21
12
15
52
5
5
5
5
5
25
2
5
5
5
2
95
5
5
58
45
9
58
92
61
4
19
1
8
2
7
8
6
34
83
2
824
4
1
1
11
2
3
1
1
2
2
2
21
12
15
52
5
5
5
5
5
25
2
5
5
5
2
95
5
5
58
45
9
58
92
61
4
19
1
8
2
7
8
6
34
83
2
824
4
1
1
11
2
3
1
1
2
2
2
21
12
15
52
5
5
5
5
5
25
2
5
5
5
2
95
5
5
58
45
9
58
92
61
4
19
1
8
2
7
8
6
34
83
2
824
4
1
1
11
2
3
1
1
2
2
2
21
12
15
52
5
5
5
5
5
25
2
5
5
5
2
95
5
5
58
45
9
58
92
61
4
19
1
8
2
7
8
6
34
83
2
824
4
1
1
11
2
3
1
1
2
2
2
21
12
15
52
5
